11012202251773
110122104652107
1101221046521106
1101221225171546
1101220046521580
1101221225171734
1101221225172427
1101221225172510
1101221225172685
1101220225172617
1101220046523276
1101221046522552
1101221046522591
1101220046523395
1101221046522675
1101221046522745
1101220225173240
1101220046523800
1101220046523860
1101220225174360
1101221225175601
1101220225174937
1101221225176014
1101220225175323
1101220225176468
1101221225177228
1101220225177816
1101220046528029
1101221046526648
1101220046528162
1101220046528289
1101220046528310
1101221225179207
1101221046527096
1101220225178692
1101220225178757
1101221225179702
1101220046528795
11012212251710250
1101220046529294
1101220046529426
11012212251710748
1101221046528660
1101221046529024
11012212251711273
1101221046529161
1101221046529224
11012202251710511
11012212251711471
11012200465210526
1101221046529632
11012202251710948
11012202251711864
11012202251712166
11012202251713197
11012200465212714
11012212251714332
11012200465212847
11012212251714771
11012210465212846
11012202251714027
11012212251715022
11012212251715096
11012210465213202
11012210465213725
11012202251715003
11012212251716153
11012210465214023
11012200465215380
11012212251716527
11012212251716551
11012202251715988
11012210465215240
11012200465216771
11012202251716987
11012210465215604
11012210465215727
11012200465216996
11012202251717390
11012210465216217
11012200465217221
11012212251718428
