1101220046526055
1101221225176712
1101220225176081
1101220046526092
1101221046526165
1101221225176806
1101220046526113
1101221225176900
1101221225176953
1101220046526187
1101220225176211
1101220046526210
1101221225177129
1101220225176332
1101220046526390
1101220225176374
1101221225177282
1101220046526509
1101221225177451
1101221225177526
1101220046526636
1101220046526643
1101220046526672
1101221046526573
1101220225176632
1101221046526732
1101220225176663
1101221046526813
1101221046526846
1101220225176734
1101220046526975
1101220225176902
1101220225176924
1101220225176995
1101220225177083
1101220046527007
1101221046527088
1101221225177838
1101220046527055
1101221225177911
1101221225177970
1101221046527153
1101220225177200
1101220225177220
1101221225177988
1101221046527217
1101220225177278
1101220225177301
1101221046527284
1101221046527318
1101221046527461
1101221046527481
1101221046527569
1101221225178159
1101221225178172
1101221225178216
1101220046527465
1101220046527520
1101220225177531
1101221225178273
1101221225178308
1101221225178313
1101220046527660
1101221046527734
1101221046527740
1101221046527765
1101220225177596
1101221225178330
1101220225177645
1101220046527921
1101221046527901
