110122104652106
110122004652557
110122104652808
1101220046521144
1101220046521364
1101221046521253
1101220225171703
1101220046522008
1101221046522147
1101221046522881
1101220225173396
1101221225174383
1101220046523838
1101221046523421
1101220225173991
1101221225175146
1101221225175381
1101220225174318
1101220225174368
1101220225174393
1101220225174609
1101221046524125
1101220225175209
1101221046524284
1101220225175587
1101220046525591
1101221046524880
1101221225177504
1101221046525826
1101221225178227
1101221225178547
1101220046527704
1101221046526694
1101220225177885
1101220046528012
1101221046527031
1101220225178188
1101221046527565
11012212251710029
1101220225179290
1101220046529284
1101221046528445
1101220225179721
1101220046529417
11012212251711535
1101221046529870
11012212251712049
11012212251712127
11012202251710992
11012212251712494
11012200465211139
11012202251711720
11012202251711856
11012200465211738
11012200465211903
11012210465211279
11012200465212299
11012212251713639
11012210465211743
11012212251714034
11012202251712931
11012210465211959
11012202251713260
11012210465212221
11012212251714657
11012200465213450
11012210465212630
11012210465212872
