1101220046522375
1101221225172848
1101221225172950
1101220046522495
1101221225172989
1101221225173012
1101221046522626
1101221046522791
1101220046522830
1101220225172808
1101221225173290
1101221046522923
1101220046522964
1101220046522997
1101220225172955
1101221225173355
1101221046523222
1101220046523042
1101220225173102
1101221225173504
1101220225173136
1101221046523318
1101220225173314
1101220225173371
1101220225173468
1101221046523619
1101221225173765
1101220225173508
1101220046523263
1101221046523664
1101220225173586
1101220225173593
1101221225173905
1101220046523311
1101221225173963
1101220046523342
1101221225173982
1101220225173628
1101220046523400
1101220046523436
1101221046523900
1101221225174165
1101220046523593
1101220046523627
1101221225174222
1101220225173812
1101221225174380
1101220225173930
1101220225174032
1101220225174088
1101220225174161
1101221046524272
1101221046524283
1101221046524349
1101221225174584
1101221225174651
1101221046524376
1101220225174330
1101221046524501
1101221225174731
1101220046524143
1101220225174357
1101220046524215
1101220046524256
1101220225174429
1101221225174843
1101220225174511
1101220225174532
1101221225174931
1101220225174596
1101221225174958
1101220046524512
1101220225174648
1101220046524579
1101221225175058
1101221225175123
1101221225175252
1101220046524686
1101220225174786
1101221046525043
1101220046524726
1101220046524864
1101221046525216
1101220225175090
1101221225175395
1101221225175449
1101221225175475
1101221225175542
1101220225175185
1101220225175224
1101220225175253
1101221225175647
1101221046525452
1101221225175719
1101220225175278
1101220225175311
1101220046525297
1101221046525536
1101220046525344
1101221225175842
1101220046525425
1101221225175910
1101220046525432
1101221046525673
1101220046525458
1101221046525701
1101221046525756
1101220225175530
1101221046525835
1101221046525855
1101220225175614
1101221225176041
1101221046525880
1101221225176099
1101220046525534
1101220225175729
1101221225176143
1101221225176164
1101220046525562
1101220225175866
1101220046525665
1101220046525673
1101220046525693
1101220225175918
1101220046525757
1101221225176499
1101220225175971
1101220046525865
1101221225176558
1101220046525950
1101221225176610
1101221225176637
1101220225176045
