1101221225170
1101220046528
11012200465248
11012212251778
11012202251722
110122122517193
110122122517228
11012200465284
110122022517108
110122122517256
110122022517172
110122004652208
110122122517337
110122122517432
110122022517278
110122122517502
110122104652204
110122022517361
110122122517644
110122122517663
110122004652465
110122004652485
110122004652538
110122004652578
110122022517459
110122022517475
110122122517911
110122004652711
1101221225171011
110122022517752
110122004652800
1101221225171058
110122104652509
110122104652516
110122104652518
1101221225171326
110122004652923
110122022517915
110122022517979
110122104652768
1101221225171505
1101221225171552
1101221225171599
1101221225171602
1101220046521058
1101220225171064
1101221225171652
1101220225171123
1101220225171146
1101221046521144
1101221046521199
1101220225171218
1101220046521330
1101220046521348
1101220225171304
1101221046521421
1101221046521486
1101220046521376
1101221046521488
1101221225171952
1101220046521501
1101220225171421
1101220225171430
1101221225172050
1101220046521619
1101221225172058
1101221225172094
1101221225172145
1101220225171640
1101221046521893
1101220225171669
1101220046521730
1101221225172258
1101221046522034
1101220046521792
1101220225171737
1101220046521819
1101221225172387
1101221225172416
1101221046522130
1101220046521949
1101220046521983
1101220046522001
1101220225171894
1101220225171938
1101221225172547
1101220225172019
1101220046522195
1101221046522343
1101220046522287
1101221046522396
1101221225172739
1101220046522310
1101220225172265
1101221225172922
1101221225172964
1101220046522550
1101220046522583
1101220225172610
1101221225173079
1101220046522684
1101221046522740
1101221225173106
1101221046522766
1101220225172724
1101221225173132
1101221046522816
1101220225172786
1101221225173207
1101221046522860
1101221046522884
1101220225172856
1101220046522917
1101220046522947
1101221225173342
1101221046523036
1101221046523136
1101220225173011
1101221225173440
1101220225173018
1101220225173057
1101220225173080
1101221046523244
1101221046523258
1101220046523101
1101221046523296
1101221046523313
1101221225173535
1101221225173540
1101221046523359
1101221046523380
1101220225173193
1101221225173694
1101221225173730
1101220225173429
1101220225173494
1101220225173547
1101221046523699
1101221046523734
1101221046523772
1101221046523794
1101221225173944
1101220225173619
1101220046523367
