11012212251779
110122104652180
110122122517609
1101221225171430
1101220046522071
1101220046522770
1101220225173027
1101221225173819
1101220046523272
1101221046523144
1101221225174578
1101220225173613
1101221225174630
1101221046523673
1101221225175554
1101221225175640
1101220225175312
1101221225176267
1101220225175915
1101221046524762
1101220225176294
1101220046526335
1101221046525334
1101221046525482
1101221046525509
1101221046525792
1101221225178036
1101221225178421
1101221225178845
1101220225177731
1101221225179001
1101220046528073
1101221046526929
1101221046526965
1101220046528551
1101220225178462
1101221225179892
1101220046528783
11012212251710241
1101220225178870
1101221046527964
1101221046527992
11012212251710720
11012212251711175
11012202251710126
1101221046529046
1101220046529860
11012212251711573
11012200465210626
11012200465210691
11012200465210832
11012202251711618
11012210465211112
11012212251713343
11012210465211367
11012212251713747
11012202251712951
11012210465212018
11012202251713286
11012210465212182
11012212251714423
11012200465213130
11012202251713768
11012200465213975
11012212251715512
11012200465214466
11012202251714918
11012212251716005
11012200465215113
11012212251716233
11012200465215172
11012200465215579
11012200465215798
11012200465216049
11012200465216375
11012212251717353
11012202251717052
11012210465215289
11012202251717257
11012210465215424
11012212251717677
11012202251717416
11012212251718174
11012200465217347
11012202251717755
11012210465215761
11012202251717946
