110122004652135
110122104652193
110122022517355
110122022517463
1101221225171011
1101221225171280
1101221046521067
1101221046521147
1101220225171656
1101220225171809
1101221225172628
1101220046522527
1101221225172906
1101221225173183
1101221225173582
1101220046523446
1101220046523668
1101220046523952
1101220046524198
1101220046524883
1101220225175450
1101220225175690
1101221225176348
1101221225176397
1101221225176510
1101221046524606
1101220046525883
1101221225177018
1101221225177536
1101221046525599
1101221225177709
1101220225176968
1101220046527514
1101221046526295
1101221225178749
1101221046526573
1101221225178879
1101221225179110
1101221046527099
1101221046527182
1101220225178161
1101220225178543
1101220225178796
1101220225179013
1101221046527993
11012212251710537
1101220046529348
1101220046529456
11012212251710979
11012212251711044
1101221046529171
11012202251710228
11012200465210119
11012200465210183
11012200465210344
11012212251712000
11012202251710906
11012212251712177
11012202251711168
11012200465211060
11012202251711837
11012200465212253
11012200465212428
11012210465211726
11012200465212653
11012202251712899
11012200465212844
11012210465212979
11012200465213739
11012200465213910
11012202251714580
11012202251714689
11012202251714764
11012202251714870
11012202251715119
11012200465214806
11012200465214883
11012200465214892
11012212251716556
11012202251715782
11012200465215782
11012202251716055
11012202251716316
11012212251717020
11012200465216082
