110122122517147
110122104652711
1101220046521556
1101220046521645
1101221046521408
1101221225172208
1101221046521521
1101220225171747
1101221046522065
1101221046522222
1101220046523013
1101221046522482
1101220046523198
1101221225173831
1101221046522698
1101220225173214
1101221225173998
1101221225174434
1101221046523220
1101220046523820
1101221046523608
1101220225174279
1101221046523749
1101221225175572
1101221225176087
1101221225176126
1101220046525876
1101221046524928
1101221225177162
1101220225177022
1101221225178409
1101221046526231
1101221225179125
1101221046527063
1101221046527266
1101220046528677
1101221046527580
1101220225178836
1101221046527737
11012212251710315
1101221046527914
1101221046528012
1101220225179960
11012202251710068
1101221046529011
11012202251710363
1101221046529616
1101221046529708
11012202251710673
11012212251712804
11012200465211918
11012202251712035
11012212251713520
11012210465211814
11012200465212735
11012202251713568
11012202251713765
11012200465213535
11012210465212743
11012200465214043
11012200465214236
