110122004652159
110122004652338
110122022517604
1101221225171161
1101220225171031
1101220225171298
1101221225172267
1101220046522263
1101221046521984
1101220225172372
1101221225172894
1101221225173112
1101221046522352
1101220225173039
1101221046522473
1101221046523399
1101220225173970
1101220046524254
1101220225175206
1101221225176202
1101220225175839
1101220046525744
1101221225177000
1101220225176285
1101221046525294
1101221046525440
1101220225177144
1101220046527653
1101221046526792
1101220225178092
1101221225179452
1101221225179550
1101220225178947
1101220046529257
1101220046529407
1101220225179945
11012202251710315
11012202251710370
11012200465210275
11012212251712115
11012202251711002
11012212251712414
11012200465210946
11012210465210374
11012210465210403
11012202251711999
11012210465211045
11012210465211091
11012200465212217
11012210465211700
11012212251713939
11012210465211913
11012202251712970
11012200465212942
11012202251713274
11012212251714312
11012200465213548
11012210465212953
11012200465214536
11012210465213729
11012202251715175
11012200465214957
11012202251715423
