110122004652144
110122122517184
110122022517578
1101220225171150
1101220225171221
1101220225171288
1101220225172201
1101220046522779
1101220225172477
1101220225172661
1101220225172717
1101220046523366
1101220046523466
1101220225172986
1101220046523632
1101221046522879
1101221225173693
1101220225173576
1101221046523234
1101221225174995
1101220225174511
1101220225174746
1101220225175250
1101220046525616
1101220046525683
1101220225175926
1101220225176411
1101221046525385
1101221225177044
1101221225177610
1101220046527267
1101221225177812
1101221046525920
1101221225178090
1101220225177450
1101221046526130
1101221225178296
1101221225178597
1101221225179326
1101220225178549
1101220046528622
1101220046528659
1101221225179667
1101221046527597
1101221046527731
1101220225179314
1101221046528211
1101220046529463
11012212251710992
11012200465210271
11012212251711644
11012200465210782
11012202251710971
11012200465211174
11012210465210043
11012210465210251
11012202251711413
11012210465210387
11012200465211478
11012212251712628
11012202251711694
11012202251712063
11012210465211011
11012210465211111
11012200465212082
11012200465212114
11012212251713617
11012210465211695
11012210465211820
11012212251714436
11012210465212506
11012202251713662
11012200465213204
11012200465213246
11012212251714937
11012202251714098
11012210465213041
11012212251715242
11012200465214043
11012202251714573
11012212251715519
11012200465214283
11012200465214864
11012212251716214
11012200465215190
11012200465215368
11012200465215609
11012212251716678
11012200465215696
11012200465215760
11012210465214659
11012200465216551
11012202251716654
11012200465216799
11012212251717700
11012210465215401
11012200465216939
11012210465215683
11012210465215803
11012212251718052
11012212251718271
11012202251717374
11012202251717584
11012210465216283
11012202251717764
11012212251718848
TRAIN DOES NOT HAVE REQUIRED SEATS
11012210465216745
11012210465216776
11012212251719373
