1101221046521547
1101221046521584
1101221046521608
1101220225171371
1101221046521642
1101221046521659
1101221225171994
1101220046521552
1101221046521679
1101220225171510
1101221046521716
1101220046521655
1101221225172129
1101220225171634
1101221046521938
1101220046521682
1101221225172254
1101221046521988
1101220046521753
1101221225172329
1101221046522025
1101220046521789
1101221046522095
1101221225172432
1101220046521883
1101220225171792
1101221225172466
1101221225172493
1101220046522089
1101220046522121
1101221046522156
1101221225172598
1101220225172057
1101221046522259
1101220225172120
1101221046522295
1101220046522249
1101221046522348
1101221225172666
1101221046522453
1101220225172320
1101220225172356
1101221225172798
1101221225172826
1101220225172399
1101220225172452
1101220046522390
1101220046522427
1101220225172510
1101221046522530
1101220046522526
1101221225173002
1101220225172558
1101221225173011
1101220046522605
1101220225172571
1101221046522599
1101221046522665
1101220046522735
1101220225172675
1101220225172696
1101220225172699
1101221046522792
1101221046522826
1101220225172832
1101221046522959
1101221046522965
1101220225172887
1101221225173331
1101221046523030
1101220046523012
1101221046523038
1101221046523059
1101220046523032
1101221225173393
1101221225173429
1101221225173470
1101220225173181
1101220225173263
1101220046523102
1101221225173640
1101221046523520
1101220225173414
1101221046523582
1101221225173802
1101221046523638
1101220225173538
1101220046523277
1101221225173838
1101221225173868
1101220046523322
1101221046523873
1101220046523460
1101220225173667
1101221225174069
1101221225174080
1101220225173694
1101221225174134
1101221046523968
1101221046523973
1101221225174174
1101221046523997
1101220046523649
1101221225174273
1101221225174282
1101221225174322
1101220225173899
1101221046524106
1101221225174509
1101220046523853
1101221046524235
1101221046524238
1101221046524251
1101221225174576
1101220225174164
1101220225174191
1101220225174218
1101220225174245
1101220225174282
1101220046523940
1101220046523973
1101221225174690
1101221225174712
1101220046524022
1101221046524404
1101220046524066
1101220046524092
1101221046524585
1101221046524662
1101221225174897
1101221225174921
1101220046524479
1101220046524538
1101221225175027
