1101221046527914
1101220225177844
1101221225178545
1101221225178550
1101220225177855
1101221225178659
1101220225177907
1101220046528136
1101220225177986
1101221225178759
1101221046528151
1101220046528214
1101221046528201
1101220225178139
1101220225178213
1101220225178249
1101221225178936
1101220046528475
1101220046528660
1101220225178403
1101220046528729
1101220046528731
1101220225178435
1101221046528581
1101221046528640
1101221225179408
1101220225178732
1101221225179571
1101221046528755
1101221046528765
1101220046529104
1101220225178869
1101221225179636
1101221225179739
1101220046529241
1101220046529283
1101221225179752
1101221046528826
1101221046528835
1101220225179090
1101220225179094
1101220046529314
1101220225179179
1101221046528886
1101221225179892
1101221225179900
1101221225179930
1101220046529368
1101220046529426
1101221046528978
11012212251710026
1101220225179233
1101220225179256
1101220046529497
1101220046529538
1101220225179314
1101221046529039
1101220225179368
11012212251710055
1101221046529111
11012212251710133
1101220225179670
1101220046529913
11012212251710284
1101221046529252
11012212251710395
11012212251710414
11012212251710441
1101220225179812
1101220225179844
1101221046529392
11012200465210315
1101221046529576
1101221046529609
1101221046529638
11012200465210533
11012212251710836
11012200465210618
11012202251710164
11012212251710865
1101221046529829
1101221046529841
11012200465210712
1101221046529999
11012202251710310
11012212251711058
11012202251710355
11012210465210092
11012210465210165
11012200465210864
11012212251711179
11012200465210987
11012210465210272
11012210465210309
11012212251711294
11012202251710539
11012200465211239
11012212251711333
11012210465210411
11012212251711382
11012212251711404
11012210465210475
11012210465210477
11012202251710619
11012202251710661
11012200465211383
11012200465211539
11012210465210541
11012212251711515
11012212251711546
11012200465211649
11012202251710795
11012202251710835
11012210465210654
11012200465211753
11012210465210686
11012202251710914
11012202251710990
11012202251711020
11012200465211917
11012200465211935
11012200465211971
11012200465212018
11012212251711857
11012202251711135
11012210465210847
11012202251711323
11012212251711956
11012200465212224
11012202251711363
11012210465211043
11012200465212235
11012200465212374
11012212251712047
11012212251712052
11012202251711451
11012202251711485
11012200465212467
11012202251711537
11012202251711560
11012210465211257
11012202251711641
11012212251712130
11012212251712170
11012210465211277
11012200465212673
11012200465212711
11012200465212740
11012210465211298
11012200465212811
11012200465212822
11012212251712284
11012200465212856
11012202251711860
11012200465212927
11012210465211510
11012200465212981
11012200465213020
11012202251711989
11012210465211628
11012210465211666
11012202251712064
11012200465213134
11012202251712069
11012200465213160
11012202251712161
11012210465211782
