110122004652120
110122004652292
110122122517339
110122122517484
110122004652525
110122004652555
110122004652701
1101220046521042
1101220046521703
1101220225171640
1101220046522035
1101220046522318
1101220225172170
1101221225172723
1101220046522674
1101220046523580
1101221046523227
1101221225174664
1101221046523639
1101221046523949
1101220046524683
1101221225175854
1101220046525004
1101221046524237
1101220225175383
1101221225176435
1101220225176591
1101220046527100
1101220225177069
1101220046527268
1101220046527473
1101221046526177
1101221046526417
1101220046527775
1101220046527969
1101221225179034
1101220225178247
1101221046527604
1101220046528745
1101221046527722
11012212251710288
11012212251710363
1101221046528705
1101221046528806
11012212251711235
11012212251711460
11012212251711942
11012202251711146
11012212251712530
11012200465211198
11012200465211300
11012200465211308
11012202251711678
11012212251712847
11012212251712905
11012200465212599
11012202251713148
11012210465211993
11012212251714562
11012210465212596
11012210465213102
11012200465214143
11012210465213408
11012212251715640
11012212251715839
11012200465214637
11012202251715137
11012210465213859
11012202251715263
11012202251715358
11012200465214991
11012200465215372
