1101220225174779
1101221046524980
1101221046525037
1101221225175283
1101221046525040
1101220225174819
1101220225174853
1101220225174873
1101220046524780
1101221046525152
1101220225174881
1101220225174907
1101221046525177
1101220225174930
1101221046525252
1101221225175399
1101221225175520
1101221046525395
1101220225175150
1101221046525402
1101220225175159
1101220046525089
1101220046525118
1101220225175229
1101220225175254
1101221225175746
1101220225175322
1101221046525583
1101221046525614
1101221225175932
1101221225175950
1101221046525718
1101221046525795
1101220046525479
1101220046525516
1101221225176059
1101220225175693
1101220046525565
1101220046525570
1101221225176290
1101221225176428
1101220046525712
1101221046525932
1101221046525935
1101220225175885
1101220046525747
1101220225175926
1101220046525785
1101220046525786
1101221046526003
1101221046526055
1101221046526068
1101220225176035
1101221225176591
1101221046526107
1101220225176135
1101221225176938
1101220046526162
1101220046526304
1101220225176251
1101220225176319
1101220225176340
1101220046526412
1101221225177353
1101220046526458
1101221046526444
1101220225176473
1101221046526515
1101221225177467
1101221225177493
1101221225177546
1101220046526665
1101221046526567
1101220046526689
1101220225176613
1101221046526634
1101220225176634
1101221046526698
1101220225176653
1101221225177555
1101221046526751
1101220046526929
1101220225176963
1101220225177085
1101221046527083
1101220046527038
1101220225177111
1101221046527130
1101220225177264
1101220046527213
1101221225178012
1101220046527300
1101220225177434
1101220225177442
1101221046527622
1101221225178210
1101220046527419
1101220225177493
1101220046527728
1101221046527833
1101220225177617
1101221046527852
1101220225177702
1101221046527886
1101220046528025
1101221225178541
1101220046528043
1101221046527980
1101220046528070
1101220046528158
1101220225178028
1101220046528190
1101220225178068
1101220225178120
1101220046528236
1101221225178884
1101220046528324
1101221046528275
1101220046528443
1101221046528331
1101221225178963
1101221046528398
1101220225178309
1101221046528442
1101220225178379
1101221046528472
1101220046528620
1101220046528784
1101221046528565
1101220046528852
1101220046528891
1101221046528607
1101220225178563
1101220046528994
1101220225178594
1101220225178645
1101220225178730
1101220225178754
1101221046528744
1101220046529080
1101220046529095
