110122004652380
110122104652201
110122022517239
110122104652326
110122104652393
110122104652456
1101220046521740
1101221225172233
1101221046521871
1101220046522433
1101221225172528
1101220046522733
1101221046522320
1101220046522833
1101220046522834
1101221046522445
1101220046522957
1101220046523019
1101220225172700
1101220225173184
1101220046523711
1101220046523830
1101221225174563
1101221225175167
1101220225174777
1101220046525309
1101220046525366
1101221046524338
1101220046525442
1101220225175051
1101220046525488
1101221046524520
1101221046524537
1101221046524571
1101220046525652
1101220225175984
1101220046526389
1101220225176351
1101221225178646
1101220225177803
1101220225177864
1101220046528058
1101220046528139
1101220225178201
1101220046528457
1101220046528499
1101221046527174
1101221225179879
1101220225179797
1101220046529553
11012212251710818
11012202251710023
1101221046528946
11012200465210202
11012202251710491
11012202251710808
11012202251711323
11012200465211350
11012212251713027
11012200465212022
11012212251713245
11012210465211300
11012202251712425
11012210465211552
11012212251713735
11012210465211948
11012212251714184
11012200465212683
11012200465212688
11012212251714484
11012202251713715
11012210465213001
11012200465213779
11012210465213097
11012210465213226
11012200465214314
11012212251715730
11012210465213695
11012202251715060
11012210465213849
11012210465214060
11012202251715577
11012210465214273
11012210465214543
11012200465215849
11012212251716907
11012210465214679
11012200465216118
11012202251716221
11012210465214815
11012212251717165
11012200465216427
11012202251716398
11012202251716579
11012210465215269
11012200465216845
11012212251717768
11012210465215543
11012210465215653
11012210465215760
11012202251717243
11012212251718244
11012202251717665
11012210465216310
11012210465216405
