1101220225177
110122122517222
110122104652510
110122122517579
110122022517593
110122004652748
110122122517898
1101220225171068
1101220225171220
1101221225171951
1101220225171521
1101220046522172
1101220225171856
1101220046522333
1101221225172669
1101220046522584
1101221225173698
1101221225173770
1101221046522532
1101221225174271
1101220225173537
1101220046523874
1101220225173832
1101221225175031
1101221225175078
1101220225174129
1101221225175327
1101221046523860
1101220225174681
1101221225175627
1101221225175821
1101220225175085
1101221046524501
1101220046525905
1101220046526197
1101221225177455
1101220225176637
1101221225177821
1101220225176838
1101220046527262
1101221046525957
1101221225178170
1101220046527624
1101221225178506
1101220225177723
1101221046527258
11012212251710090
11012212251710309
1101220225179143
11012212251710677
1101221046528378
1101221046528566
1101220046529573
1101220046529646
1101221046529217
1101221046529705
11012202251711156
11012210465210504
11012202251711589
11012210465210600
11012200465211697
11012212251713071
11012210465211650
11012202251712811
11012202251713330
11012210465212352
11012212251714747
11012210465212853
11012200465213612
11012200465214020
11012202251714451
11012200465214384
11012210465213789
11012200465214684
11012200465214696
11012200465215224
11012212251716688
11012202251715870
11012200465215694
11012200465215721
11012202251716575
11012200465216205
11012200465216301
11012212251717255
11012210465215204
11012200465216898
11012212251718078
11012200465217260
11012202251717752
11012202251717834
TRAIN DOES NOT HAVE REQUIRED SEATS
11012202251717976
11012210465216014
11012212251718526
