1101221225174020
1101221046523881
1101221225174021
1101220046523500
1101220225173804
1101221225174246
1101220225173857
1101221225174396
1101220225173943
1101220046523778
1101220225173999
1101220046523785
1101221225174444
1101221225174475
1101221046524191
1101221046524201
1101221225174538
1101221046524354
1101220225174292
1101220046523991
1101221046524439
1101221046524480
1101220225174352
1101221225174753
1101220046524167
1101220046524183
1101221046524546
1101220225174394
1101220225174397
1101221046524547
1101221225174814
1101221225174830
1101221046524552
1101220225174462
1101221046524622
1101220046524350
