11012200465214590
11012202251713338
11012202251713349
11012202251713442
11012210465213088
11012210465213193
11012200465214651
11012202251713511
11012210465213300
11012210465213434
11012210465213490
11012210465213504
11012202251713694
11012200465214742
11012212251714231
11012210465213598
11012212251714274
11012212251714312
11012202251713786
11012200465214805
11012202251713853
11012210465213770
11012210465213784
11012210465213819
11012212251714496
11012200465214985
11012200465215017
11012210465213901
11012210465213915
11012200465215088
11012202251714111
11012212251714581
11012210465213991
11012200465215149
11012212251714734
11012200465215255
11012200465215274
11012200465215283
11012210465214153
11012212251714842
11012212251714870
11012210465214212
11012202251714412
11012202251714529
11012200465215463
11012212251714948
11012212251714956
11012210465214336
11012210465214380
11012200465215527
11012202251714671
11012200465215580
11012200465215630
11012210465214511
11012210465214519
11012210465214558
11012200465215702
11012210465214597
11012212251715174
11012210465214601
11012212251715234
11012200465215776
11012212251715265
11012210465214662
11012202251715069
11012202251715096
11012212251715422
11012210465214683
11012210465214717
11012210465214740
11012210465214742
11012200465215847
11012202251715137
11012200465215900
11012212251715669
11012200465215951
11012212251715743
11012200465215971
11012200465215987
11012212251715858
11012200465216029
11012202251715418
11012210465215017
11012212251715972
11012200465216050
11012210465215121
11012200465216078
11012210465215173
11012200465216130
11012212251716150
11012210465215242
11012210465215254
11012202251715708
11012202251715746
11012210465215296
11012210465215315
11012210465215322
11012200465216164
11012210465215370
11012202251715922
11012202251715953
11012200465216291
11012202251716007
11012202251716012
11012202251716026
11012212251716463
11012202251716138
11012202251716160
11012210465215644
11012202251716217
11012202251716225
11012202251716289
11012212251716641
11012202251716292
11012202251716327
11012210465215783
11012210465215805
11012210465215811
11012200465216728
11012202251716530
11012202251716569
11012210465215961
11012202251716600
11012212251716806
11012202251716622
11012210465216133
11012212251716923
11012202251716717
11012210465216171
11012202251716740
11012212251717016
11012210465216315
11012212251717072
11012210465216368
11012200465217064
11012210465216390
11012200465217097
11012200465217163
11012200465217220
11012200465217285
11012210465216522
11012200465217411
11012210465216593
11012202251717303
11012212251717336
11012210465216610
11012202251717352
11012202251717388
11012210465216660
11012212251717375
11012212251717403
11012210465216780
11012202251717537
11012212251717456
11012210465216818
11012210465216901
11012200465217686
11012210465216914
11012210465216926
11012212251717557
11012202251717744
11012200465217833
11012210465216993
11012200465217866
11012202251717823
11012210465217081
11012210465217117
11012202251717868
11012200465217879
11012212251717796
TRAIN DOES NOT HAVE REQUIRED SEATS
11012200465217951
11012210465217327
