1101220046528974
1101220046528987
1101221046528659
1101220046529024
1101221225179346
1101220225178648
1101220225178683
1101221225179438
1101220046529037
1101221225179476
1101221225179600
1101220046529151
1101220046529171
1101221225179676
1101221046528802
1101220046529237
1101221046528806
1101221225179835
1101221225179855
1101220225179230
1101221225179972
1101220046529521
1101221046529026
1101220046529562
1101220225179390
1101220225179427
1101220046529683
11012212251710067
1101220225179540
1101220225179554
11012212251710081
11012212251710098
1101220046529780
1101221046529145
1101221046529161
1101221046529200
1101220046529879
11012212251710157
11012212251710182
1101220225179706
11012212251710285
11012212251710336
1101221046529282
11012212251710389
11012200465210098
1101220225179838
1101221046529415
1101220225179920
1101221046529430
1101221046529459
11012212251710561
11012212251710582
1101221046529561
11012212251710606
1101220225179945
1101221046529572
11012212251710681
1101221046529599
11012200465210410
1101220225179967
11012200465210469
1101220225179998
11012200465210495
11012202251710046
11012202251710061
11012212251710781
11012200465210579
1101221046529777
11012200465210654
11012202251710189
11012202251710192
11012200465210701
1101221046529917
11012202251710273
11012202251710295
11012200465210944
11012210465210185
11012202251710449
11012212251711206
11012210465210261
11012202251710477
11012200465211037
11012200465211123
11012210465210313
11012202251710548
11012200465211245
11012202251710591
11012202251710721
11012212251711428
11012200465211554
11012210465210613
11012212251711599
11012200465211776
11012210465210708
11012200465211803
11012200465211820
11012210465210736
11012202251710938
11012212251711673
11012200465211844
11012200465211854
11012210465210773
11012200465212059
11012212251711881
11012212251711899
11012200465212140
11012210465210865
11012212251711922
11012202251711239
11012210465210955
11012202251711294
11012210465210998
11012210465211035
11012200465212240
11012202251711407
11012200465212319
11012212251712014
11012210465211135
