1101221046524073
1101220225173872
1101221046524089
1101220225173939
1101220046523743
1101221046524116
1101221225174417
1101221046524131
1101221046524160
1101220225174053
1101220046523854
1101220225174105
1101220046523877
1101220046523880
1101221046524288
1101220225174261
1101221225174616
1101220046523988
1101221046524399
1101220225174338
1101220046524047
1101220046524112
1101220046524240
1101220046524296
1101221225174879
1101220225174560
1101220046524384
1101220046524398
1101221046524663
1101220225174584
1101220046524440
1101220046524494
1101221046524740
1101220225174679
1101220225174718
1101220225174742
1101220225174772
1101220046524638
1101221046524886
1101221225175273
1101221046524959
1101221225175275
1101221225175305
1101221225175331
1101221046525053
1101221046525062
1101221046525089
1101221046525123
1101220046524905
1101220046524962
1101220225175050
1101221225175491
1101221225175652
1101221225175679
1101221046525473
1101221225175730
1101220046525246
1101220046525272
1101221225175759
1101220046525326
1101220225175337
1101220225175361
1101220046525379
1101220225175466
1101220225175605
1101221225176002
1101221225176079
1101220046525526
1101220046525541
1101220225175736
1101220046525551
1101220046525556
1101220225175836
1101220225175837
1101221225176358
1101221225176376
1101221225176476
1101221046525970
1101221046526001
1101220046525836
1101221225176518
1101221225176565
1101221225176582
1101220046525970
1101220046526004
1101220225176059
1101220225176060
1101220046526066
1101221046526143
1101220225176109
1101221225176789
1101221225176839
1101221046526194
1101220046526147
1101221046526252
1101221046526278
1101221225177019
1101220046526197
1101221225177071
1101221225177089
1101221225177193
1101221225177268
1101220046526447
1101221046526354
1101220046526483
1101221225177369
1101221046526471
1101220225176514
1101220046526620
1101220225176600
1101221046526665
1101220046526730
1101221046526727
1101220046526741
1101220046526802
1101220046526809
1101221046526784
1101220225176704
1101221046526882
1101221225177685
1101220046526893
1101221225177713
1101220225176783
1101220225176947
1101221046527009
1101221225177775
1101221225177800
1101221225177818
1101221046527117
1101221225177852
1101221225177884
1101220225177136
1101220046527104
1101220225177165
1101221046527183
1101221046527262
1101220225177321
1101221046527341
1101221046527429
1101220046527283
1101220225177395
1101220046527339
1101220046527541
1101221225178265
1101220046527573
1101220225177565
1101220046527584
1101221046527697
