11012200465234
11012210465230
110122004652202
110122104652295
110122122517857
110122022517560
1101221225171070
110122004652940
1101220046521006
1101220225171118
1101220046521597
1101220225171574
1101220225171773
1101220225172087
1101221046522113
1101221225172897
1101221225173348
1101221046522751
1101221046522793
1101221046522903
1101221225174308
1101220225173806
1101221225174618
1101220046524558
1101220225174247
1101220046524640
1101220046524682
1101221046523685
1101220046524832
1101221046523845
1101221046523909
1101221225175566
1101221225176150
1101221225176610
1101221046525195
1101220046526337
1101220046526397
1101221046525233
1101220046526544
1101220225176334
1101221225177002
1101220225177289
1101220046527430
1101220225177419
1101220225177609
1101221046526332
1101220225177765
1101220225178009
1101221225178903
1101221046526931
1101221225179103
1101221225179239
1101220225178487
1101220225178544
1101220046528620
1101221046527446
1101220046528695
1101220225178954
1101220046528789
1101220225179098
1101221046527810
1101220225179964
1101221046528775
11012212251710979
1101220046529900
11012200465210012
11012200465210185
11012212251712351
11012210465210341
11012210465210434
11012200465211553
11012202251712107
11012210465211067
11012200465212059
11012210465211273
11012202251713030
11012200465212650
11012202251713341
11012210465212385
11012200465212928
11012200465212941
11012200465213049
11012200465213173
11012200465213630
11012200465214113
11012200465214154
11012210465213534
11012200465214723
11012202251715123
11012200465214893
11012202251715298
11012200465215201
11012210465214120
11012202251715691
11012212251716564
11012200465215667
11012200465215815
11012200465216038
11012210465214720
11012210465214811
11012210465214991
11012202251716435
11012210465215147
11012212251717570
11012200465216847
11012210465215417
11012212251718149
11012210465216031
11012212251718493
11012210465216353
11012200465217452
11012210465216513
11012200465217589
TRAIN DOES NOT HAVE REQUIRED SEATS
11012212251719039
11012200465217875
TRAIN DOES NOT HAVE REQUIRED SEATS
TRAIN DOES NOT HAVE REQUIRED SEATS
TRAIN DOES NOT HAVE REQUIRED SEATS
11012210465216974
TRAIN DOES NOT HAVE REQUIRED SEATS
11012210465217235
TRAIN DOES NOT HAVE REQUIRED SEATS
TRAIN DOES NOT HAVE REQUIRED SEATS
11012210465217998
11012212251720414
