11012200465210566
11012202251710111
11012202251710148
11012200465210591
11012200465210659
11012202251710208
11012212251710932
11012202251710236
1101221046529875
1101221046529904
11012212251710975
11012212251711002
1101221046529956
11012212251711012
11012212251711070
11012202251710370
11012212251711109
11012210465210154
11012200465210851
11012212251711143
11012200465210925
11012200465210961
11012212251711231
11012202251710501
11012200465211099
11012200465211167
11012212251711292
11012210465210344
11012210465210380
11012212251711352
11012202251710568
11012210465210485
11012200465211370
11012200465211486
11012210465210600
11012200465211618
11012202251710741
11012212251711612
11012200465211809
11012202251710918
11012212251711782
11012210465210771
11012210465210800
11012202251711068
11012202251711091
11012200465212009
11012200465212033
11012200465212069
11012200465212106
11012210465210887
11012202251711330
11012212251711969
11012210465211082
11012202251711367
11012210465211105
11012200465212407
11012202251711452
11012212251712083
11012202251711508
11012210465211205
11012202251711719
11012200465212643
11012212251712272
11012202251711790
11012210465211393
11012212251712395
11012212251712413
11012212251712427
11012210465211478
11012210465211534
11012210465211595
11012212251712498
11012212251712538
11012200465213060
11012210465211688
11012202251712110
11012202251712164
11012202251712174
11012212251712656
11012212251712685
11012202251712194
11012202251712224
11012212251712700
11012210465211933
11012202251712251
11012202251712276
11012210465211984
11012202251712350
11012212251712785
11012210465212119
11012212251712802
11012202251712411
11012202251712424
11012200465213617
11012212251713113
11012212251713146
11012200465213716
11012202251712491
11012200465213722
11012200465213742
11012202251712548
11012210465212304
11012210465212338
11012200465213855
11012212251713255
11012200465213862
11012212251713321
11012212251713569
11012212251713603
11012202251712860
11012202251712870
11012200465214253
11012202251712921
11012212251713660
11012202251712984
11012212251713745
11012210465212750
11012210465212792
11012202251713180
11012200465214479
11012202251713269
11012212251713897
11012202251713272
11012200465214569
11012210465212976
11012212251713966
11012210465213014
11012210465213049
11012202251713453
11012210465213122
11012210465213245
11012210465213271
11012210465213326
11012202251713544
11012210465213433
11012200465214694
11012202251713607
11012210465213463
11012212251714204
11012212251714244
11012210465213611
11012210465213630
11012210465213642
11012200465214774
11012210465213650
11012212251714373
11012210465213658
11012210465213686
11012212251714434
11012210465213717
11012210465213737
11012200465214860
11012212251714477
11012202251713932
11012210465213826
11012202251713938
11012200465214970
11012212251714521
11012202251714039
11012200465215124
11012202251714144
11012210465213983
11012212251714618
11012210465214076
11012200465215173
11012200465215187
11012202251714260
11012200465215228
11012210465214094
11012202251714326
11012200465215317
11012200465215349
11012212251714905
11012200465215368
11012202251714511
11012202251714583
11012200465215496
11012212251715025
11012202251714724
11012210465214418
11012200465215604
11012202251714826
11012202251714873
11012200465215697
11012202251714911
11012212251715147
11012200465215718
11012200465215744
