110122022517754
1101220046521092
1101220225171286
1101221046521369
1101221046521433
1101220225171435
1101221046521479
1101220225171516
1101221225171950
1101221046521689
1101220225172013
1101221225173584
1101221225174016
1101220225173374
1101221225174611
1101220225174221
1101221225175081
1101220225174916
1101221225175918
1101220225175580
1101221225176533
1101221225176687
1101220225176225
1101220225177142
1101221046525877
1101221046525947
1101220225177687
1101221046526439
1101221225178631
1101220225178719
1101221225179764
1101221046527799
1101221046527844
1101221046527931
1101220046529145
11012212251710193
1101220225179379
11012212251710497
1101221046528397
1101220046529529
11012212251710904
11012202251710121
11012202251710209
11012212251711223
1101221046529189
11012202251710564
11012212251711665
11012202251710942
11012202251711281
11012200465211340
11012200465211427
11012202251711483
11012200465211581
11012210465210546
11012210465210743
11012212251713685
11012210465211726
11012210465211911
11012212251714736
11012212251714888
11012200465213375
11012200465213555
11012202251714345
11012212251715271
11012210465213298
11012212251715491
11012202251714609
11012210465213427
11012202251714673
11012200465214676
11012210465213924
11012200465215212
11012212251716312
11012200465215391
11012212251716739
11012200465215911
11012200465216081
11012210465214769
11012210465214781
11012202251716262
11012212251717195
11012210465214914
11012202251716379
11012202251716479
11012212251717496
11012202251716693
11012202251716751
11012202251716873
11012212251717948
11012212251718374
11012202251717726
11012212251719181
11012210465217022
11012212251719676
TRAIN DOES NOT HAVE REQUIRED SEATS
TRAIN DOES NOT HAVE REQUIRED SEATS
11012210465217485
