11012202251769
11012202251784
110122004652168
110122004652194
110122122517300
110122004652242
110122004652271
110122022517201
110122122517411
110122004652328
110122122517521
110122022517343
110122004652430
110122122517564
110122122517590
110122104652241
110122122517694
110122104652253
110122022517525
110122104652307
110122104652330
110122122517972
110122022517588
110122004652736
110122022517705
1101221225171053
110122022517769
110122104652467
1101221225171067
1101221225171093
1101221225171114
110122022517845
1101221225171283
110122022517975
110122004652991
110122104652792
110122104652831
110122104652849
1101220046521072
1101220046521074
1101220225171092
1101220046521091
1101220225171145
1101221046521065
1101221046521091
1101221046521156
1101221225171787
1101220046521206
1101220046521279
1101221046521383
1101221046521453
1101220046521358
1101221225171878
1101220225171320
1101220046521503
1101220225171472
1101221046521691
1101221225172052
1101221046521740
1101220225171562
1101221046521758
1101221046521796
1101220225171598
1101221225172156
1101220046521701
1101221225172231
1101220046521733
1101221225172291
1101221046522086
1101220225171738
1101220046521920
1101221225172479
1101220225171827
1101220225171857
1101221225172507
1101220046522157
1101221225172581
1101221046522197
1101220225172060
1101220046522236
1101221225172635
1101221046522406
1101221046522413
1101220225172184
1101221225172768
1101221046522469
1101220225172387
1101220046522377
1101221046522501
1101221046522504
1101221225172888
1101220225172462
1101220046522463
1101221046522526
1101221225172987
1101220225172525
1101220046522571
1101220046522609
1101221225173077
1101220225172590
1101220046522647
1101221046522703
1101220046522729
1101221046522753
1101221046522796
1101220225172761
1101220046522839
1101221225173270
1101220225172820
1101221046522930
1101220046522890
1101221046522999
1101220225172915
1101221046523041
1101220225172978
1101221046523154
1101221046523195
1101221225173472
1101220225173188
1101221225173580
1101221046523403
1101220225173246
1101220225173274
1101221046523449
1101221046523482
1101220225173362
1101221046523551
1101221225173677
