11012200465211353
11012202251710641
11012202251710700
11012200465211415
11012210465210499
11012202251710739
11012200465211514
11012210465210503
11012210465210514
11012212251711477
11012210465210566
11012200465211585
11012200465211628
11012212251711567
11012202251710746
11012202251710755
11012200465211713
11012202251710817
11012202251710841
11012212251711596
11012202251710888
11012212251711698
11012212251711734
11012200465211877
11012210465210805
11012212251711839
11012202251711124
11012210465210839
11012202251711165
11012202251711192
11012202251711206
11012200465212176
11012202251711279
11012202251711280
11012210465210992
11012200465212198
11012212251711949
11012200465212223
11012202251711359
11012200465212225
11012200465212305
11012202251711427
11012212251712023
11012210465211210
11012210465211234
11012202251711601
11012212251712118
11012202251711649
11012200465212578
11012202251711701
11012212251712200
11012212251712239
11012202251711782
11012212251712267
11012210465211321
11012210465211357
11012210465211373
11012212251712316
11012200465212892
11012210465211384
11012212251712364
11012212251712394
11012210465211459
11012212251712437
11012202251711915
11012200465212963
11012200465212969
11012210465211560
11012202251711951
11012202251712009
11012210465211640
11012212251712549
11012200465213085
11012200465213107
11012200465213122
11012212251712562
11012210465211723
11012200465213197
11012200465213201
11012212251712602
11012210465211758
11012212251712620
11012210465211783
11012200465213259
11012210465211898
11012212251712752
11012200465213432
11012200465213455
11012212251712793
11012200465213539
11012212251712834
11012202251712391
11012210465212150
11012200465213560
11012200465213573
11012200465213583
11012212251712968
11012212251712973
11012202251712466
11012212251713151
11012210465212279
11012212251713169
11012212251713182
11012200465213803
11012212251713198
11012202251712574
11012200465213828
11012210465212393
11012212251713274
11012210465212400
11012200465213891
11012200465213942
11012202251712717
11012212251713392
11012212251713405
11012200465214091
11012202251712802
11012212251713455
11012212251713495
11012210465212606
11012212251713557
11012200465214173
11012200465214175
11012200465214212
11012200465214237
11012200465214304
11012200465214305
11012212251713697
11012200465214313
11012212251713766
11012212251713842
11012202251713118
11012212251713859
11012210465212880
11012200465214475
11012210465212905
11012212251713923
11012212251713924
11012212251713998
11012202251713459
11012210465213357
11012210465213395
11012202251713632
11012212251714174
11012202251713657
11012200465214736
11012210465213564
11012202251713732
11012202251713746
11012212251714338
11012202251713807
11012212251714384
11012200465214834
11012200465214943
11012210465213861
11012210465213870
11012200465215052
11012202251714082
11012210465213953
11012202251714171
11012210465214028
11012202251714176
11012202251714178
11012212251714684
11012212251714695
11012212251714730
11012202251714285
11012212251714803
11012212251714849
11012210465214197
11012200465215338
11012210465214224
