1101220046524547
1101220046524606
1101220225174653
1101221046524761
1101221225175214
1101221046525012
1101220046524754
1101220225174862
1101220046524812
1101220046524832
1101221225175365
1101220046524874
1101220046524883
1101220225174993
1101221046525185
1101220225175049
1101221225175368
1101220046524968
1101221225175394
1101221046525275
1101221046525297
1101221046525304
1101220046525012
1101220046525020
1101220225175122
1101221225175569
1101221225175585
1101220046525057
1101221046525414
1101221225175624
1101221046525421
1101220046525151
1101220046525191
1101220046525218
1101220046525241
1101220225175297
1101221046525505
1101221225175777
1101221225175823
1101221225175862
1101220225175386
1101221046525644
1101221225175966
1101220225175566
1101220225175638
1101220225175654
1101220225175717
1101221046525889
1101220225175745
1101221225176225
1101221225176259
1101220046525606
1101220225175848
1101221225176448
1101220225175998
1101220046525957
1101220046525971
1101220046526022
1101221225176642
