110122122517664
110122122517725
110122122517797
110122004652907
1101221046521236
1101220046521641
1101220225171445
1101221225172452
1101221225172931
1101221225173189
1101220046522833
1101221046522780
1101221225174482
1101220046524018
1101220225174411
1101221225175580
1101220046524924
1101221225175982
1101221225176037
1101221225176853
1101221225177166
1101220046526268
1101220046526374
1101220225176375
1101221225177427
1101220046526717
1101220225176744
1101220046527041
1101220225177046
1101221225178431
1101221046526410
1101220046527921
1101220225177795
1101220225178349
1101220046528604
1101220225178578
1101220046528907
11012212251710256
1101220225178910
1101221046528346
11012212251710992
11012212251711295
1101221046529424
11012202251710877
11012202251712496
11012212251714064
11012212251714217
11012210465212589
11012210465212690
11012210465212802
11012212251715158
11012202251715026
11012212251715868
11012200465214960
11012210465214129
11012210465214183
11012210465214316
11012210465214321
