1101220046524447
1101221225174973
1101221225174997
1101220225174616
1101221046524691
1101221046524719
1101221225175028
1101221225175034
1101221046524793
1101221046524822
1101221225175089
1101220046524668
1101221046524858
1101221225175184
1101220046524701
1101220225174818
1101221225175343
1101220046524749
1101221225175355
1101220046524779
1101220046524857
1101221046525178
1101220225174958
1101220046524922
1101220225175017
1101220046525006
1101221225175433
1101221046525339
1101220225175100
1101221046525340
1101221046525380
1101220046525047
1101220046525049
1101221225175586
1101221225175691
1101221046525478
1101220046525281
1101221046525545
1101221225175817
1101220046525385
1101221225175894
1101220225175423
1101220225175459
1101220225175501
1101220046525503
1101220225175619
1101221225176115
1101220046525542
1101220225175741
1101221225176202
1101220225175773
1101220225175808
1101221046525903
1101221225176322
1101220046525634
1101221225176394
1101221225176459
1101221046525939
1101221225176479
1101221225176482
1101220225175944
1101220225175945
1101221225176485
1101220046525824
1101221046526038
1101220225175974
1101220046525891
1101221046526042
1101220225176024
1101220046525923
1101220046525925
1101221225176678
1101220225176073
1101220046526081
1101220225176090
1101221225176764
1101221046526221
1101220225176139
1101221225176981
1101220225176175
1101220225176179
1101221046526317
1101220046526237
1101220046526281
1101221225177157
1101221225177228
1101220225176295
1101220225176411
1101220046526486
1101221046526380
1101221046526411
1101221225177420
1101221046526482
1101220046526528
1101220046526552
1101221046526524
1101220225176540
1101220225176575
1101220046526707
1101220046526768
1101220046526771
1101220046526832
1101221225177643
1101221225177662
1101221046526884
1101220225176759
1101220225176850
1101220225176882
1101221046526916
1101221046526954
1101220046526984
1101221046526974
1101220225176967
1101220225177029
1101221046527048
1101220225177047
1101220046526997
1101220046527094
1101221225177973
1101221046527162
1101220225177245
1101221046527190
1101221046527361
1101221225178029
1101221225178062
1101220046527253
1101221225178111
1101220225177349
1101221225178117
1101220046527379
1101221046527599
1101220046527458
1101221225178256
1101220225177466
1101221046527629
1101221046527654
1101221046527661
1101220046527680
1101220046527732
1101221046527759
1101220046527818
1101221046527839
1101220225177633
1101221225178445
1101220046527982
1101220046528014
1101220046528041
1101221046527940
1101220046528117
1101221225178609
1101221046528010
1101220225177929
1101221046528052
1101221225178686
1101220046528165
1101220046528173
1101221046528122
1101221046528173
1101221225178845
1101220046528306
1101220225178145
1101220046528337
1101221046528241
1101220225178202
1101220046528397
1101221046528315
1101220225178280
1101221225178983
1101221225179038
1101220046528501
1101220225178343
1101220225178350
1101220046528593
1101221225179131
1101220046528615
1101220046528743
1101220046528774
1101221046528529
1101220046528820
1101221046528574
1101220225178497
