110122004652427
110122022517440
110122022517803
1101221225171071
1101220046521306
1101220046521320
1101220225171196
1101221225171585
1101220046521741
1101220046521887
1101221046521852
1101220225172149
1101221046521966
1101220225172444
1101220225172597
1101221225173421
1101220046522997
1101220046523099
1101221046522518
1101220225173307
1101221046523268
1101220046524230
1101220046524448
1101221225175717
1101220046524737
1101221225175970
1101221046524236
1101220046525127
1101221046524255
1101221225176154
1101220225175244
1101221046524364
1101220046525713
1101220046525754
1101221046524797
1101221225177003
1101221046525080
1101220046526382
1101220046526424
1101221225178103
1101221225178468
1101220225177557
1101220046527802
1101220046527873
1101221225178984
1101221046526832
1101221046527306
1101221046527347
1101220225178340
1101221046528226
11012212251710814
1101220225179877
1101221046528933
1101221046529392
11012212251711799
11012210465210096
11012200465210875
11012202251711195
11012200465211068
11012212251712651
11012200465211610
11012200465211667
11012210465210995
11012210465211178
11012202251712156
11012200465212370
11012212251713733
11012210465211442
11012200465212481
11012212251714421
11012210465212424
11012212251714596
11012202251713901
11012210465212724
11012202251714086
11012202251714146
11012202251714359
11012200465214074
