11012210465211799
11012210465211815
11012200465213320
11012210465211869
11012212251712720
11012202251712246
11012200465213355
11012202251712322
11012212251712762
11012210465212021
11012212251712772
11012200465213489
11012210465212133
11012212251712861
11012212251712920
11012202251712436
11012200465213632
11012212251713105
11012210465212258
11012200465213662
11012212251713167
11012210465212374
11012200465213929
11012212251713335
11012202251712686
11012200465214033
11012202251712737
11012210465212426
11012202251712788
11012200465214103
11012212251713427
11012210465212590
11012212251713534
11012200465214147
11012212251713593
11012210465212655
11012210465212657
11012212251713608
11012212251713628
11012210465212692
11012202251712966
11012210465212731
11012210465212743
11012210465212767
11012202251713062
11012212251713776
11012202251713109
11012212251713839
11012210465212813
11012202251713229
11012200465214530
11012210465212927
11012202251713312
11012210465212953
11012212251713992
11012200465214622
11012202251713423
11012200465214633
11012210465213158
11012202251713474
11012212251714007
11012212251714071
11012200465214673
11012202251713517
11012200465214685
11012212251714126
11012202251713577
11012202251713602
11012212251714162
11012202251713615
11012200465214724
11012200465214725
11012200465214732
11012202251713660
11012200465214763
11012202251713729
11012200465214766
11012200465214767
11012210465213649
11012202251713813
11012212251714374
11012202251713892
11012212251714464
11012200465214886
11012200465214980
11012210465213923
11012200465215126
11012200465215143
11012212251714664
11012202251714220
11012210465214125
11012200465215247
11012202251714302
11012212251714770
11012202251714329
11012212251714937
11012200465215408
11012210465214256
11012210465214282
11012202251714471
11012200465215449
11012210465214311
11012202251714613
11012212251714991
11012202251714632
11012200465215541
11012200465215563
11012202251714748
11012200465215694
11012202251714959
11012210465214618
11012200465215809
11012200465215814
11012200465215836
11012212251715436
11012212251715454
11012210465214728
11012202251715129
11012210465214782
11012212251715535
11012200465215862
11012212251715562
11012210465214790
11012200465215908
11012200465215914
11012202251715161
11012200465215921
11012212251715768
11012202251715317
11012202251715362
11012212251715838
11012212251715934
11012202251715511
11012210465215143
11012202251715569
11012200465216087
11012210465215225
11012212251716241
11012210465215275
11012212251716341
11012210465215330
11012202251715891
11012200465216270
11012210465215409
11012210465215432
11012202251715973
11012200465216336
11012210465215492
11012200465216439
11012210465215532
11012200465216465
11012202251716247
11012202251716286
11012200465216607
11012202251716394
11012202251716447
11012202251716517
11012212251716702
11012212251716748
11012200465216822
11012210465215994
11012210465215997
11012200465216925
11012200465216940
11012210465216072
11012212251716855
11012212251716864
11012212251716887
11012202251716708
11012200465216955
11012212251716924
11012210465216189
11012202251716764
11012202251716769
11012202251716781
11012202251716856
11012212251717141
11012210465216436
11012202251716978
11012210465216441
