110122104652172
110122122517568
110122004652740
110122104652655
1101221046521064
1101220225171293
1101221046521384
1101220225171356
1101220225171469
1101220225172182
1101220046522772
1101220225172439
1101220225172658
1101220046523292
1101220225172752
1101221225173549
1101221225173619
1101220225173223
1101220046523706
1101221225174113
1101221046523188
1101220225174333
1101220046524882
1101220225174679
1101220225174718
1101220225175548
1101221225176486
1101221046525042
1101221046525106
1101221225176929
1101221225176966
1101220225176621
1101220046526935
1101220046527036
1101220225176913
1101220046527153
1101220046527187
1101221225177639
1101221225178830
1101220046528239
1101221225179357
1101220046528569
1101221225179579
1101220225179118
1101220046528929
1101220225179777
11012212251710949
11012202251710486
1101221046529385
1101221046529442
1101221046529627
11012200465211001
1101221046529870
11012212251712236
11012200465211248
11012200465211284
11012212251712479
11012202251711555
11012210465210774
11012212251712929
11012210465211009
11012212251713425
11012202251712528
11012210465211612
11012202251712712
11012202251712812
11012212251714194
11012202251713222
11012210465212333
11012200465212808
11012200465212904
11012210465212583
11012210465212646
11012200465213144
11012202251713999
11012212251714960
11012200465213640
11012202251714310
11012212251715231
11012200465213997
11012212251715379
11012212251715411
11012212251715529
11012210465213368
11012210465213445
11012212251715781
11012200465214562
11012200465215124
11012202251715484
11012212251716413
11012200465215616
11012210465214493
11012212251716942
11012200465216308
11012202251716304
11012210465215048
11012200465216850
11012210465215445
11012212251717905
11012212251718051
11012210465215986
11012200465217112
11012210465216042
11012210465216106
11012202251717414
11012212251718363
11012212251718819
11012210465216626
TRAIN DOES NOT HAVE REQUIRED SEATS
TRAIN DOES NOT HAVE REQUIRED SEATS
11012210465216835
11012210465216907
TRAIN DOES NOT HAVE REQUIRED SEATS
TRAIN DOES NOT HAVE REQUIRED SEATS
11012210465217181
TRAIN DOES NOT HAVE REQUIRED SEATS
11012212251719741
11012210465217359
11012210465217638
