11012200465214402
11012210465212806
11012212251713799
11012202251713145
11012212251713884
11012200465214491
11012210465212943
11012200465214592
11012212251713931
11012200465214605
11012202251713388
11012210465213233
11012212251714039
11012202251713492
11012212251714099
11012200465214679
11012210465213544
11012212251714212
11012202251713710
11012200465214788
11012212251714412
11012200465214922
11012202251713976
11012202251713997
11012202251714020
11012212251714535
11012202251714037
11012200465215025
11012202251714076
11012212251714562
11012210465213949
11012202251714157
11012210465214044
11012202251714207
11012212251714627
11012210465214086
11012200465215211
11012202251714306
11012212251714755
11012200465215290
11012210465214178
11012210465214192
11012212251714890
11012202251714367
11012212251714903
11012202251714385
11012210465214268
11012202251714418
11012202251714450
11012202251714512
11012210465214306
11012202251714548
11012210465214307
11012210465214328
11012210465214346
11012202251714704
11012200465215573
11012210465214401
11012202251714760
11012212251715029
11012210465214448
11012202251714814
11012200465215655
11012202251714834
11012212251715212
11012210465214606
11012202251714995
11012210465214636
11012212251715343
11012210465214682
11012212251715383
11012202251715126
11012212251715502
11012212251715553
11012212251715581
11012212251715716
11012202251715217
11012202251715243
11012202251715262
11012202251715295
11012210465214946
11012212251715795
11012212251715830
11012210465214986
11012200465216012
11012202251715443
11012212251715982
11012202251715483
11012212251716069
11012200465216158
11012202251715718
11012212251716281
11012200465216160
11012210465215378
11012202251715856
11012200465216228
11012212251716407
11012210465215407
11012212251716408
11012200465216368
11012212251716458
11012202251716058
11012202251716071
11012202251716116
11012212251716498
11012200465216498
11012202251716143
11012200465216504
11012202251716177
11012200465216556
11012212251716555
11012210465215745
11012200465216587
11012202251716255
11012200465216594
11012212251716631
11012200465216621
11012210465215748
11012200465216695
11012212251716648
11012212251716672
11012202251716535
11012202251716577
11012212251716800
